,glazing_area,relative_compactness,roof_area,wall_area,cooling_load
580,1.2440491960545037,-0.2286159256029944,0.9725122370185868,-1.6858544608470492,17.32
418,1.2440491960545037,0.9065803946325642,-0.6558803458962558,-0.5619514869490164,30.66
764,1.2440491960545037,0.244382541161822,-0.6558803458962558,0.5619514869490164,44.18
363,1.2440491960545037,0.9065803946325642,-0.6558803458962558,-0.5619514869490164,35.22
757,0.117363131703255,-0.9854134724267,0.9725122370185868,0.0,16.14
636,-1.009322932647993,-0.7016143923678111,0.9725122370185868,-0.5619514869490164,14.55
155,0.117363131703255,-1.1746128591326266,0.9725122370185868,0.5619514869490164,20.43
390,1.2440491960545037,0.244382541161822,-0.6558803458962558,0.5619514869490164,39.41
761,-1.7604469755488257,2.041776714868123,-1.4700766373536769,-0.5619514869490164,21.33
358,0.117363131703255,-0.0394165388970678,-1.1986778735345365,2.2478059477960657,36.07
535,0.117363131703255,-0.0394165388970678,-1.1986778735345365,2.2478059477960657,37.35
200,-1.009322932647993,0.528181621220711,-0.6558803458962558,0.0,24.61
66,-1.009322932647993,-0.9854134724267,0.9725122370185868,0.0,14.81
567,-1.009322932647993,-0.2286159256029944,0.9725122370185868,-1.6858544608470492,13.5
540,0.117363131703255,-0.0394165388970678,-1.1986778735345365,2.2478059477960657,36.44
625,-1.009322932647993,0.9065803946325642,-0.6558803458962558,-0.5619514869490164,27.36
12,-1.009322932647993,-0.0394165388970678,-1.1986778735345365,2.2478059477960657,33.89
161,1.2440491960545037,-0.2286159256029944,0.9725122370185868,-1.6858544608470492,17.25
710,1.2440491960545037,-1.1746128591326266,0.9725122370185868,0.5619514869490164,20.71
531,0.117363131703255,2.041776714868123,-1.4700766373536769,-0.5619514869490164,29.28
666,1.2440491960545037,-0.9854134724267,0.9725122370185868,0.0,18.36
252,1.2440491960545037,-0.2286159256029944,0.9725122370185868,-1.6858544608470492,16.74
293,1.2440491960545037,-0.0394165388970678,-1.1986778735345365,2.2478059477960657,39.67
613,1.2440491960545037,0.528181621220711,-0.6558803458962558,0.0,30.65
159,-1.009322932647993,2.041776714868123,-1.4700766373536769,-0.5619514869490164,26.02
711,0.117363131703255,-0.9854134724267,0.9725122370185868,0.0,16.27
745,0.117363131703255,-1.363812245838553,0.9725122370185868,1.1239029738980328,14.89
447,1.2440491960545037,-0.9854134724267,0.9725122370185868,0.0,17.89
229,0.117363131703255,-0.2286159256029944,0.9725122370185868,-1.6858544608470492,14.03
533,-1.7604469755488257,0.9065803946325642,-0.6558803458962558,-0.5619514869490164,21.97
585,1.2440491960545037,0.9065803946325642,-0.6558803458962558,-0.5619514869490164,30.11
467,-1.009322932647993,1.2849791680444174,-1.1986778735345365,0.0,32.83
700,0.117363131703255,0.528181621220711,-0.6558803458962558,0.0,27.84
590,1.2440491960545037,-0.5124150056618845,0.9725122370185868,-1.1239029738980328,15.33
680,1.2440491960545037,0.528181621220711,-0.6558803458962558,0.0,33.54
15,1.2440491960545037,0.244382541161822,-0.6558803458962558,0.5619514869490164,46.94
245,1.2440491960545037,-1.1746128591326266,0.9725122370185868,0.5619514869490164,20.72
337,1.2440491960545037,2.041776714868123,-1.4700766373536769,-0.5619514869490164,33.23
6,-1.009322932647993,-0.7016143923678111,0.9725122370185868,-0.5619514869490164,13.2
522,1.2440491960545037,0.244382541161822,-0.6558803458962558,0.5619514869490164,39.07
520,-1.009322932647993,-0.5124150056618845,0.9725122370185868,-1.1239029738980328,14.14
104,0.117363131703255,-0.5124150056618845,0.9725122370185868,-1.1239029738980328,15.09
453,-1.009322932647993,-1.1746128591326266,0.9725122370185868,0.5619514869490164,19.18
402,-1.009322932647993,-0.2286159256029944,0.9725122370185868,-1.6858544608470492,13.2
701,1.2440491960545037,-0.7016143923678111,0.9725122370185868,-0.5619514869490164,16.35
90,-1.009322932647993,2.041776714868123,-1.4700766373536769,-0.5619514869490164,26.37
678,1.2440491960545037,0.9065803946325642,-0.6558803458962558,-0.5619514869490164,31.6
401,-1.009322932647993,-0.2286159256029944,0.9725122370185868,-1.6858544608470492,13.44
505,1.2440491960545037,-0.7016143923678111,0.9725122370185868,-0.5619514869490164,17.22
218,1.2440491960545037,-1.363812245838553,0.9725122370185868,1.1239029738980328,16.61
696,-1.009322932647993,2.041776714868123,-1.4700766373536769,-0.5619514869490164,25.63
652,1.2440491960545037,0.528181621220711,-0.6558803458962558,0.0,28.99
205,-1.7604469755488257,-1.1746128591326266,0.9725122370185868,0.5619514869490164,16.67
389,-1.009322932647993,0.528181621220711,-0.6558803458962558,0.0,28.88
190,-1.7604469755488257,2.041776714868123,-1.4700766373536769,-0.5619514869490164,21.33
494,0.117363131703255,0.244382541161822,-0.6558803458962558,0.5619514869490164,45.13
483,0.117363131703255,0.9065803946325642,-0.6558803458962558,-0.5619514869490164,33.52
194,-1.7604469755488257,0.244382541161822,-0.6558803458962558,0.5619514869490164,39.44
484,0.117363131703255,0.9065803946325642,-0.6558803458962558,-0.5619514869490164,30.12
132,0.117363131703255,-0.2286159256029944,0.9725122370185868,-1.6858544608470492,14.73
233,-1.7604469755488257,-1.363812245838553,0.9725122370185868,1.1239029738980328,12.22
173,1.2440491960545037,-0.7016143923678111,0.9725122370185868,-0.5619514869490164,17.23
178,-1.009322932647993,0.244382541161822,-0.6558803458962558,0.5619514869490164,34.62
741,1.2440491960545037,0.9065803946325642,-0.6558803458962558,-0.5619514869490164,35.99
579,0.117363131703255,2.041776714868123,-1.4700766373536769,-0.5619514869490164,30.02
206,1.2440491960545037,-0.2286159256029944,0.9725122370185868,-1.6858544608470492,16.94
441,0.117363131703255,-1.363812245838553,0.9725122370185868,1.1239029738980328,15.95
96,1.2440491960545037,-1.1746128591326266,0.9725122370185868,0.5619514869490164,20.78
657,1.2440491960545037,-0.9854134724267,0.9725122370185868,0.0,17.82
333,-1.009322932647993,-1.363812245838553,0.9725122370185868,1.1239029738980328,14.37
749,1.2440491960545037,-0.9854134724267,0.9725122370185868,0.0,18.14
89,0.117363131703255,-1.1746128591326266,0.9725122370185868,0.5619514869490164,20.56
407,-1.009322932647993,0.9065803946325642,-0.6558803458962558,-0.5619514869490164,31.9
179,0.117363131703255,-0.9854134724267,0.9725122370185868,0.0,15.87
0,-1.7604469755488257,-0.0394165388970678,-1.1986778735345365,2.2478059477960657,29.4
46,0.117363131703255,-1.363812245838553,0.9725122370185868,1.1239029738980328,15.77
171,-1.009322932647993,-1.1746128591326266,0.9725122370185868,0.5619514869490164,19.42
730,1.2440491960545037,2.041776714868123,-1.4700766373536769,-0.5619514869490164,33.76
432,-1.009322932647993,2.041776714868123,-1.4700766373536769,-0.5619514869490164,25.87
107,-1.009322932647993,2.041776714868123,-1.4700766373536769,-0.5619514869490164,25.98
133,1.2440491960545037,-0.7016143923678111,0.9725122370185868,-0.5619514869490164,17.39
621,-1.009322932647993,0.9065803946325642,-0.6558803458962558,-0.5619514869490164,30.91
223,0.117363131703255,-0.7016143923678111,0.9725122370185868,-0.5619514869490164,15.14
477,0.117363131703255,0.528181621220711,-0.6558803458962558,0.0,29.43
102,-1.009322932647993,-0.2286159256029944,0.9725122370185868,-1.6858544608470492,13.65
108,-1.009322932647993,-1.363812245838553,0.9725122370185868,1.1239029738980328,13.99
213,-1.009322932647993,1.2849791680444174,-1.1986778735345365,0.0,32.92
489,0.117363131703255,2.041776714868123,-1.4700766373536769,-0.5619514869490164,29.49
356,0.117363131703255,0.528181621220711,-0.6558803458962558,0.0,27.25
246,0.117363131703255,-0.0394165388970678,-1.1986778735345365,2.2478059477960657,37.51
478,-1.009322932647993,2.041776714868123,-1.4700766373536769,-0.5619514869490164,25.72
466,1.2440491960545037,1.2849791680444174,-1.1986778735345365,0.0,36.1
125,0.117363131703255,-0.7016143923678111,0.9725122370185868,-0.5619514869490164,15.66
454,-1.009322932647993,-0.9854134724267,0.9725122370185868,0.0,13.72
549,1.2440491960545037,2.041776714868123,-1.4700766373536769,-0.5619514869490164,33.24
412,1.2440491960545037,-1.363812245838553,0.9725122370185868,1.1239029738980328,17.2
620,-1.7604469755488257,0.244382541161822,-0.6558803458962558,0.5619514869490164,31.27
224,-1.009322932647993,-0.5124150056618845,0.9725122370185868,-1.1239029738980328,14.12
26,0.117363131703255,-0.0394165388970678,-1.1986778735345365,2.2478059477960657,36.85
360,1.2440491960545037,-0.7016143923678111,0.9725122370185868,-0.5619514869490164,16.99
614,-1.009322932647993,0.528181621220711,-0.6558803458962558,0.0,25.02
743,-1.009322932647993,-1.1746128591326266,0.9725122370185868,0.5619514869490164,19.34
346,1.2440491960545037,-0.5124150056618845,0.9725122370185868,-1.1239029738980328,17.23
3,-1.009322932647993,1.2849791680444174,-1.1986778735345365,0.0,29.87
134,-1.009322932647993,-0.5124150056618845,0.9725122370185868,-1.1239029738980328,14.27
325,-1.009322932647993,0.244382541161822,-0.6558803458962558,0.5619514869490164,41.07
434,1.2440491960545037,0.9065803946325642,-0.6558803458962558,-0.5619514869490164,34.7
186,-1.7604469755488257,0.9065803946325642,-0.6558803458962558,-0.5619514869490164,27.87
492,1.2440491960545037,-0.2286159256029944,0.9725122370185868,-1.6858544608470492,16.61
295,0.117363131703255,0.9065803946325642,-0.6558803458962558,-0.5619514869490164,27.89
641,-1.009322932647993,2.041776714868123,-1.4700766373536769,-0.5619514869490164,26.47
428,1.2440491960545037,-1.1746128591326266,0.9725122370185868,0.5619514869490164,21.54
604,1.2440491960545037,-0.5124150056618845,0.9725122370185868,-1.1239029738980328,16.77
689,0.117363131703255,0.244382541161822,-0.6558803458962558,0.5619514869490164,37.26
225,0.117363131703255,0.528181621220711,-0.6558803458962558,0.0,26.08
628,0.117363131703255,2.041776714868123,-1.4700766373536769,-0.5619514869490164,30.0
330,-1.009322932647993,-0.2286159256029944,0.9725122370185868,-1.6858544608470492,13.36
425,-1.009322932647993,1.2849791680444174,-1.1986778735345365,0.0,29.92
332,0.117363131703255,-1.363812245838553,0.9725122370185868,1.1239029738980328,14.61
369,-1.009322932647993,-0.5124150056618845,0.9725122370185868,-1.1239029738980328,13.89
695,1.2440491960545037,2.041776714868123,-1.4700766373536769,-0.5619514869490164,32.95
521,0.117363131703255,-0.5124150056618845,0.9725122370185868,-1.1239029738980328,14.97
731,0.117363131703255,0.9065803946325642,-0.6558803458962558,-0.5619514869490164,29.82
497,0.117363131703255,0.244382541161822,-0.6558803458962558,0.5619514869490164,36.85
516,-1.009322932647993,-0.7016143923678111,0.9725122370185868,-0.5619514869490164,14.73
485,-1.009322932647993,-1.1746128591326266,0.9725122370185868,0.5619514869490164,19.29
392,0.117363131703255,-0.9854134724267,0.9725122370185868,0.0,15.8
576,1.2440491960545037,-0.9854134724267,0.9725122370185868,0.0,17.64
112,-1.009322932647993,-1.363812245838553,0.9725122370185868,1.1239029738980328,14.34
748,0.117363131703255,1.2849791680444174,-1.1986778735345365,0.0,32.71
673,-1.009322932647993,1.2849791680444174,-1.1986778735345365,0.0,34.45
20,0.117363131703255,-0.2286159256029944,0.9725122370185868,-1.6858544608470492,14.48
65,0.117363131703255,-0.9854134724267,0.9725122370185868,0.0,15.53
298,-1.009322932647993,-0.2286159256029944,0.9725122370185868,-1.6858544608470492,13.72
126,0.117363131703255,-0.0394165388970678,-1.1986778735345365,2.2478059477960657,36.93
259,-1.009322932647993,-0.5124150056618845,0.9725122370185868,-1.1239029738980328,14.18
569,0.117363131703255,-0.2286159256029944,0.9725122370185868,-1.6858544608470492,15.24
752,0.117363131703255,-1.363812245838553,0.9725122370185868,1.1239029738980328,15.3
339,1.2440491960545037,2.041776714868123,-1.4700766373536769,-0.5619514869490164,33.94
642,-1.009322932647993,1.2849791680444174,-1.1986778735345365,0.0,29.44
137,-1.7604469755488257,0.244382541161822,-0.6558803458962558,0.5619514869490164,37.73
501,1.2440491960545037,-0.2286159256029944,0.9725122370185868,-1.6858544608470492,16.08
7,0.117363131703255,-0.2286159256029944,0.9725122370185868,-1.6858544608470492,15.44
342,-1.009322932647993,-0.0394165388970678,-1.1986778735345365,2.2478059477960657,33.64
702,-1.009322932647993,2.041776714868123,-1.4700766373536769,-0.5619514869490164,25.91
309,0.117363131703255,0.528181621220711,-0.6558803458962558,0.0,26.53
637,-1.7604469755488257,-0.5124150056618845,0.9725122370185868,-1.1239029738980328,11.67
532,-1.009322932647993,-0.5124150056618845,0.9725122370185868,-1.1239029738980328,13.8
185,0.117363131703255,1.2849791680444174,-1.1986778735345365,0.0,32.83
523,1.2440491960545037,-1.363812245838553,0.9725122370185868,1.1239029738980328,16.03
353,0.117363131703255,0.528181621220711,-0.6558803458962558,0.0,28.14
460,0.117363131703255,1.2849791680444174,-1.1986778735345365,0.0,37.58
153,0.117363131703255,0.244382541161822,-0.6558803458962558,0.5619514869490164,36.66
54,0.117363131703255,1.2849791680444174,-1.1986778735345365,0.0,35.56
30,1.2440491960545037,-0.9854134724267,0.9725122370185868,0.0,18.1
424,-1.7604469755488257,-0.0394165388970678,-1.1986778735345365,2.2478059477960657,29.79
682,-1.009322932647993,0.244382541161822,-0.6558803458962558,0.5619514869490164,35.28
100,0.117363131703255,0.528181621220711,-0.6558803458962558,0.0,26.95
679,1.2440491960545037,0.244382541161822,-0.6558803458962558,0.5619514869490164,38.23
631,-1.009322932647993,-1.363812245838553,0.9725122370185868,1.1239029738980328,14.24
724,-1.009322932647993,0.244382541161822,-0.6558803458962558,0.5619514869490164,34.43
237,0.117363131703255,0.9065803946325642,-0.6558803458962558,-0.5619514869490164,29.45
665,-1.7604469755488257,-0.2286159256029944,0.9725122370185868,-1.6858544608470492,10.9
56,0.117363131703255,-0.0394165388970678,-1.1986778735345365,2.2478059477960657,37.01
60,-1.7604469755488257,1.2849791680444174,-1.1986778735345365,0.0,25.38
502,1.2440491960545037,-0.7016143923678111,0.9725122370185868,-0.5619514869490164,17.01
262,0.117363131703255,-0.2286159256029944,0.9725122370185868,-1.6858544608470492,15.28
435,0.117363131703255,2.041776714868123,-1.4700766373536769,-0.5619514869490164,29.69
264,1.2440491960545037,0.9065803946325642,-0.6558803458962558,-0.5619514869490164,36.26
712,1.2440491960545037,-1.1746128591326266,0.9725122370185868,0.5619514869490164,22.49
458,0.117363131703255,-0.0394165388970678,-1.1986778735345365,2.2478059477960657,35.73
208,-1.7604469755488257,0.9065803946325642,-0.6558803458962558,-0.5619514869490164,27.3
391,0.117363131703255,-0.7016143923678111,0.9725122370185868,-0.5619514869490164,15.17
506,0.117363131703255,2.041776714868123,-1.4700766373536769,-0.5619514869490164,30.19
449,1.2440491960545037,-0.9854134724267,0.9725122370185868,0.0,18.14
167,1.2440491960545037,0.244382541161822,-0.6558803458962558,0.5619514869490164,39.56
38,1.2440491960545037,-0.5124150056618845,0.9725122370185868,-1.1239029738980328,17.2
635,0.117363131703255,-1.1746128591326266,0.9725122370185868,0.5619514869490164,21.19
686,1.2440491960545037,-1.1746128591326266,0.9725122370185868,0.5619514869490164,22.25
627,-1.7604469755488257,-0.7016143923678111,0.9725122370185868,-0.5619514869490164,11.93
300,-1.009322932647993,-1.1746128591326266,0.9725122370185868,0.5619514869490164,19.26
722,-1.7604469755488257,-0.2286159256029944,0.9725122370185868,-1.6858544608470492,11.19
495,-1.009322932647993,0.528181621220711,-0.6558803458962558,0.0,28.61
650,1.2440491960545037,-0.2286159256029944,0.9725122370185868,-1.6858544608470492,16.93
163,1.2440491960545037,2.041776714868123,-1.4700766373536769,-0.5619514869490164,33.37
124,0.117363131703255,-0.7016143923678111,0.9725122370185868,-0.5619514869490164,14.92
154,-1.7604469755488257,0.528181621220711,-0.6558803458962558,0.0,21.46
336,1.2440491960545037,0.244382541161822,-0.6558803458962558,0.5619514869490164,46.44
59,-1.009322932647993,-1.1746128591326266,0.9725122370185868,0.5619514869490164,19.18
493,-1.7604469755488257,-0.9854134724267,0.9725122370185868,0.0,12.14
304,-1.009322932647993,0.9065803946325642,-0.6558803458962558,-0.5619514869490164,27.33
716,1.2440491960545037,0.528181621220711,-0.6558803458962558,0.0,33.84
601,-1.009322932647993,-1.363812245838553,0.9725122370185868,1.1239029738980328,14.27
343,1.2440491960545037,-0.0394165388970678,-1.1986778735345365,2.2478059477960657,40.4
592,1.2440491960545037,0.244382541161822,-0.6558803458962558,0.5619514869490164,38.33
311,0.117363131703255,-0.5124150056618845,0.9725122370185868,-1.1239029738980328,14.67
427,1.2440491960545037,1.2849791680444174,-1.1986778735345365,0.0,33.82
474,0.117363131703255,0.244382541161822,-0.6558803458962558,0.5619514869490164,45.52
158,-1.7604469755488257,-0.5124150056618845,0.9725122370185868,-1.1239029738980328,11.29
51,0.117363131703255,-1.363812245838553,0.9725122370185868,1.1239029738980328,15.32
715,0.117363131703255,0.244382541161822,-0.6558803458962558,0.5619514869490164,44.16
767,-1.009322932647993,1.2849791680444174,-1.1986778735345365,0.0,34.2
517,0.117363131703255,1.2849791680444174,-1.1986778735345365,0.0,32.12
361,-1.009322932647993,-0.2286159256029944,0.9725122370185868,-1.6858544608470492,13.7
457,-1.009322932647993,1.2849791680444174,-1.1986778735345365,0.0,32.54
658,-1.009322932647993,0.528181621220711,-0.6558803458962558,0.0,24.61
219,1.2440491960545037,-0.5124150056618845,0.9725122370185868,-1.1239029738980328,14.58
615,1.2440491960545037,0.244382541161822,-0.6558803458962558,0.5619514869490164,44.87
308,-1.009322932647993,-1.1746128591326266,0.9725122370185868,0.5619514869490164,19.14
74,-1.009322932647993,-0.7016143923678111,0.9725122370185868,-0.5619514869490164,14.67
282,0.117363131703255,-0.9854134724267,0.9725122370185868,0.0,16.14
561,-1.009322932647993,-0.9854134724267,0.9725122370185868,0.0,15.0
348,-1.009322932647993,2.041776714868123,-1.4700766373536769,-0.5619514869490164,26.13
519,-1.009322932647993,-0.9854134724267,0.9725122370185868,0.0,13.59
4,-1.009322932647993,0.528181621220711,-0.6558803458962558,0.0,24.8
616,1.2440491960545037,0.528181621220711,-0.6558803458962558,0.0,27.93
437,1.2440491960545037,0.9065803946325642,-0.6558803458962558,-0.5619514869490164,35.48
596,-1.009322932647993,0.9065803946325642,-0.6558803458962558,-0.5619514869490164,30.89
487,1.2440491960545037,-0.9854134724267,0.9725122370185868,0.0,17.63
674,0.117363131703255,-1.363812245838553,0.9725122370185868,1.1239029738980328,15.38
5,-1.009322932647993,-1.1746128591326266,0.9725122370185868,0.5619514869490164,19.32
141,1.2440491960545037,0.244382541161822,-0.6558803458962558,0.5619514869490164,38.81
558,0.117363131703255,0.528181621220711,-0.6558803458962558,0.0,26.96
135,-1.009322932647993,0.244382541161822,-0.6558803458962558,0.5619514869490164,41.86
630,-1.009322932647993,2.041776714868123,-1.4700766373536769,-0.5619514869490164,26.14
378,-1.009322932647993,0.9065803946325642,-0.6558803458962558,-0.5619514869490164,25.81
685,0.117363131703255,2.041776714868123,-1.4700766373536769,-0.5619514869490164,29.77
22,-1.009322932647993,-0.2286159256029944,0.9725122370185868,-1.6858544608470492,13.53
692,0.117363131703255,-0.7016143923678111,0.9725122370185868,-0.5619514869490164,15.99
276,0.117363131703255,-0.9854134724267,0.9725122370185868,0.0,15.95
284,0.117363131703255,2.041776714868123,-1.4700766373536769,-0.5619514869490164,29.79
270,-1.7604469755488257,-1.363812245838553,0.9725122370185868,1.1239029738980328,12.04
426,0.117363131703255,-1.1746128591326266,0.9725122370185868,0.5619514869490164,20.28
732,0.117363131703255,-1.1746128591326266,0.9725122370185868,0.5619514869490164,20.46
281,0.117363131703255,-0.2286159256029944,0.9725122370185868,-1.6858544608470492,14.76
420,1.2440491960545037,-0.0394165388970678,-1.1986778735345365,2.2478059477960657,37.79
220,0.117363131703255,0.528181621220711,-0.6558803458962558,0.0,27.76
693,1.2440491960545037,-0.7016143923678111,0.9725122370185868,-0.5619514869490164,17.0
320,0.117363131703255,-0.5124150056618845,0.9725122370185868,-1.1239029738980328,15.4
439,-1.009322932647993,2.041776714868123,-1.4700766373536769,-0.5619514869490164,25.64
372,1.2440491960545037,-0.5124150056618845,0.9725122370185868,-1.1239029738980328,17.51
120,1.2440491960545037,-0.0394165388970678,-1.1986778735345365,2.2478059477960657,40.85
81,0.117363131703255,-0.7016143923678111,0.9725122370185868,-0.5619514869490164,15.22
751,0.117363131703255,0.528181621220711,-0.6558803458962558,0.0,26.72
13,0.117363131703255,-1.363812245838553,0.9725122370185868,1.1239029738980328,14.96
481,1.2440491960545037,-0.5124150056618845,0.9725122370185868,-1.1239029738980328,17.27
455,1.2440491960545037,-0.2286159256029944,0.9725122370185868,-1.6858544608470492,17.03
742,-1.7604469755488257,0.528181621220711,-0.6558803458962558,0.0,23.77
734,1.2440491960545037,-0.2286159256029944,0.9725122370185868,-1.6858544608470492,16.7
160,0.117363131703255,0.528181621220711,-0.6558803458962558,0.0,29.88
747,0.117363131703255,-1.1746128591326266,0.9725122370185868,0.5619514869490164,20.03
238,-1.009322932647993,-0.2286159256029944,0.9725122370185868,-1.6858544608470492,13.71
379,-1.009322932647993,-0.5124150056618845,0.9725122370185868,-1.1239029738980328,14.3
513,-1.009322932647993,-0.9854134724267,0.9725122370185868,0.0,14.83
538,1.2440491960545037,-0.5124150056618845,0.9725122370185868,-1.1239029738980328,17.12
440,-1.009322932647993,-1.363812245838553,0.9725122370185868,1.1239029738980328,14.14
545,0.117363131703255,-0.9854134724267,0.9725122370185868,0.0,15.59
571,-1.009322932647993,-1.1746128591326266,0.9725122370185868,0.5619514869490164,19.48
195,-1.009322932647993,-0.0394165388970678,-1.1986778735345365,2.2478059477960657,33.88
191,0.117363131703255,0.9065803946325642,-0.6558803458962558,-0.5619514869490164,33.37
116,0.117363131703255,1.2849791680444174,-1.1986778735345365,0.0,32.46
584,0.117363131703255,-0.7016143923678111,0.9725122370185868,-0.5619514869490164,15.44
765,0.117363131703255,-0.0394165388970678,-1.1986778735345365,2.2478059477960657,37.58
164,1.2440491960545037,1.2849791680444174,-1.1986778735345365,0.0,39.92
106,0.117363131703255,-0.5124150056618845,0.9725122370185868,-1.1239029738980328,15.64
16,-1.009322932647993,2.041776714868123,-1.4700766373536769,-0.5619514869490164,25.68
63,1.2440491960545037,-1.1746128591326266,0.9725122370185868,0.5619514869490164,21.93
470,-1.009322932647993,-0.0394165388970678,-1.1986778735345365,2.2478059477960657,33.87
384,-1.009322932647993,-0.0394165388970678,-1.1986778735345365,2.2478059477960657,34.25
708,-1.009322932647993,-0.9854134724267,0.9725122370185868,0.0,14.65
105,0.117363131703255,-0.2286159256029944,0.9725122370185868,-1.6858544608470492,15.1
542,1.2440491960545037,-1.363812245838553,0.9725122370185868,1.1239029738980328,17.38
491,1.2440491960545037,-0.7016143923678111,0.9725122370185868,-0.5619514869490164,15.87
719,-1.009322932647993,-1.363812245838553,0.9725122370185868,1.1239029738980328,14.47
329,0.117363131703255,-0.2286159256029944,0.9725122370185868,-1.6858544608470492,15.35
475,1.2440491960545037,-1.363812245838553,0.9725122370185868,1.1239029738980328,17.36
480,-1.7604469755488257,-0.9854134724267,0.9725122370185868,0.0,12.4
498,0.117363131703255,-0.9854134724267,0.9725122370185868,0.0,16.06
345,0.117363131703255,0.9065803946325642,-0.6558803458962558,-0.5619514869490164,33.47
668,-1.009322932647993,-0.0394165388970678,-1.1986778735345365,2.2478059477960657,33.85
405,-1.009322932647993,-1.363812245838553,0.9725122370185868,1.1239029738980328,14.23
570,-1.009322932647993,0.528181621220711,-0.6558803458962558,0.0,27.38
93,0.117363131703255,-0.7016143923678111,0.9725122370185868,-0.5619514869490164,15.73
433,-1.009322932647993,2.041776714868123,-1.4700766373536769,-0.5619514869490164,25.88
83,0.117363131703255,1.2849791680444174,-1.1986778735345365,0.0,32.0
647,0.117363131703255,0.244382541161822,-0.6558803458962558,0.5619514869490164,43.66
656,-1.009322932647993,0.244382541161822,-0.6558803458962558,0.5619514869490164,34.29
414,0.117363131703255,0.528181621220711,-0.6558803458962558,0.0,28.77
766,-1.009322932647993,-1.1746128591326266,0.9725122370185868,0.5619514869490164,19.24
557,-1.009322932647993,0.244382541161822,-0.6558803458962558,0.5619514869490164,43.14
699,1.2440491960545037,-0.7016143923678111,0.9725122370185868,-0.5619514869490164,16.87
322,0.117363131703255,-0.2286159256029944,0.9725122370185868,-1.6858544608470492,14.72
357,0.117363131703255,1.2849791680444174,-1.1986778735345365,0.0,35.1
69,-1.009322932647993,-0.2286159256029944,0.9725122370185868,-1.6858544608470492,13.79
514,-1.009322932647993,-0.7016143923678111,0.9725122370185868,-0.5619514869490164,14.61
509,-1.009322932647993,0.244382541161822,-0.6558803458962558,0.5619514869490164,34.25
340,0.117363131703255,2.041776714868123,-1.4700766373536769,-0.5619514869490164,29.78
221,-1.009322932647993,0.244382541161822,-0.6558803458962558,0.5619514869490164,34.18
713,1.2440491960545037,0.528181621220711,-0.6558803458962558,0.0,31.71
146,1.2440491960545037,-0.2286159256029944,0.9725122370185868,-1.6858544608470492,16.57
289,-1.009322932647993,-0.0394165388970678,-1.1986778735345365,2.2478059477960657,34.05
29,0.117363131703255,0.9065803946325642,-0.6558803458962558,-0.5619514869490164,34.19
114,0.117363131703255,-0.2286159256029944,0.9725122370185868,-1.6858544608470492,14.92
508,1.2440491960545037,0.9065803946325642,-0.6558803458962558,-0.5619514869490164,29.69
618,1.2440491960545037,-1.1746128591326266,0.9725122370185868,0.5619514869490164,22.73
176,0.117363131703255,0.244382541161822,-0.6558803458962558,0.5619514869490164,45.48
168,1.2440491960545037,2.041776714868123,-1.4700766373536769,-0.5619514869490164,33.95
347,1.2440491960545037,-0.2286159256029944,0.9725122370185868,-1.6858544608470492,16.99
376,1.2440491960545037,2.041776714868123,-1.4700766373536769,-0.5619514869490164,34.0
681,0.117363131703255,-0.2286159256029944,0.9725122370185868,-1.6858544608470492,15.18
669,-1.7604469755488257,-1.1746128591326266,0.9725122370185868,0.5619514869490164,16.8
654,0.117363131703255,-1.363812245838553,0.9725122370185868,1.1239029738980328,14.89
587,-1.009322932647993,-0.2286159256029944,0.9725122370185868,-1.6858544608470492,13.65
189,-1.009322932647993,0.528181621220711,-0.6558803458962558,0.0,25.11
136,0.117363131703255,-0.2286159256029944,0.9725122370185868,-1.6858544608470492,14.58
446,1.2440491960545037,1.2849791680444174,-1.1986778735345365,0.0,39.28
644,0.117363131703255,2.041776714868123,-1.4700766373536769,-0.5619514869490164,29.53
254,0.117363131703255,2.041776714868123,-1.4700766373536769,-0.5619514869490164,30.19
676,1.2440491960545037,-0.9854134724267,0.9725122370185868,0.0,18.03
290,-1.009322932647993,-0.5124150056618845,0.9725122370185868,-1.1239029738980328,13.67
721,0.117363131703255,0.244382541161822,-0.6558803458962558,0.5619514869490164,37.41
649,0.117363131703255,1.2849791680444174,-1.1986778735345365,0.0,36.12
232,-1.7604469755488257,2.041776714868123,-1.4700766373536769,-0.5619514869490164,21.33
33,-1.009322932647993,-0.7016143923678111,0.9725122370185868,-0.5619514869490164,13.54
88,-1.009322932647993,-0.7016143923678111,0.9725122370185868,-0.5619514869490164,14.3
44,0.117363131703255,1.2849791680444174,-1.1986778735345365,0.0,33.16
341,0.117363131703255,-0.9854134724267,0.9725122370185868,0.0,15.8
61,1.2440491960545037,-0.5124150056618845,0.9725122370185868,-1.1239029738980328,15.31
733,1.2440491960545037,2.041776714868123,-1.4700766373536769,-0.5619514869490164,33.06
199,-1.009322932647993,0.528181621220711,-0.6558803458962558,0.0,27.54
429,0.117363131703255,-1.1746128591326266,0.9725122370185868,0.5619514869490164,20.01
573,1.2440491960545037,-0.7016143923678111,0.9725122370185868,-0.5619514869490164,16.81
394,1.2440491960545037,0.244382541161822,-0.6558803458962558,0.5619514869490164,47.01
297,-1.009322932647993,-0.0394165388970678,-1.1986778735345365,2.2478059477960657,33.91
73,-1.009322932647993,0.9065803946325642,-0.6558803458962558,-0.5619514869490164,31.01
393,-1.009322932647993,1.2849791680444174,-1.1986778735345365,0.0,34.14
547,0.117363131703255,2.041776714868123,-1.4700766373536769,-0.5619514869490164,29.43
541,0.117363131703255,-0.2286159256029944,0.9725122370185868,-1.6858544608470492,15.19
655,1.2440491960545037,1.2849791680444174,-1.1986778735345365,0.0,35.39
690,0.117363131703255,0.9065803946325642,-0.6558803458962558,-0.5619514869490164,32.93
645,0.117363131703255,-0.9854134724267,0.9725122370185868,0.0,16.17
217,-1.009322932647993,-1.1746128591326266,0.9725122370185868,0.5619514869490164,19.29
539,1.2440491960545037,-1.1746128591326266,0.9725122370185868,0.5619514869490164,21.68
634,0.117363131703255,2.041776714868123,-1.4700766373536769,-0.5619514869490164,30.12
421,0.117363131703255,-1.1746128591326266,0.9725122370185868,0.5619514869490164,20.47
138,0.117363131703255,0.244382541161822,-0.6558803458962558,0.5619514869490164,37.76
212,0.117363131703255,0.244382541161822,-0.6558803458962558,0.5619514869490164,43.86
646,1.2440491960545037,-0.0394165388970678,-1.1986778735345365,2.2478059477960657,40.1
643,0.117363131703255,0.9065803946325642,-0.6558803458962558,-0.5619514869490164,34.73
664,-1.009322932647993,-1.1746128591326266,0.9725122370185868,0.5619514869490164,19.32
703,-1.009322932647993,0.528181621220711,-0.6558803458962558,0.0,24.93
234,1.2440491960545037,2.041776714868123,-1.4700766373536769,-0.5619514869490164,32.78
67,-1.009322932647993,0.9065803946325642,-0.6558803458962558,-0.5619514869490164,25.63
24,0.117363131703255,-1.1746128591326266,0.9725122370185868,0.5619514869490164,19.9
381,-1.009322932647993,-0.5124150056618845,0.9725122370185868,-1.1239029738980328,13.77
216,0.117363131703255,-1.1746128591326266,0.9725122370185868,0.5619514869490164,19.65
129,-1.009322932647993,0.9065803946325642,-0.6558803458962558,-0.5619514869490164,31.76
349,1.2440491960545037,-1.363812245838553,0.9725122370185868,1.1239029738980328,17.14
111,-1.009322932647993,-0.0394165388970678,-1.1986778735345365,2.2478059477960657,34.35
166,0.117363131703255,-1.1746128591326266,0.9725122370185868,0.5619514869490164,20.48
207,-1.009322932647993,-0.7016143923678111,0.9725122370185868,-0.5619514869490164,13.32
438,-1.009322932647993,-0.0394165388970678,-1.1986778735345365,2.2478059477960657,34.5
552,1.2440491960545037,0.9065803946325642,-0.6558803458962558,-0.5619514869490164,30.53
274,-1.009322932647993,-1.363812245838553,0.9725122370185868,1.1239029738980328,14.33
651,-1.009322932647993,-1.363812245838553,0.9725122370185868,1.1239029738980328,14.34
591,0.117363131703255,-0.5124150056618845,0.9725122370185868,-1.1239029738980328,15.42
612,-1.009322932647993,-0.5124150056618845,0.9725122370185868,-1.1239029738980328,13.87
525,1.2440491960545037,0.244382541161822,-0.6558803458962558,0.5619514869490164,37.7
287,-1.009322932647993,-0.2286159256029944,0.9725122370185868,-1.6858544608470492,13.48
469,0.117363131703255,0.9065803946325642,-0.6558803458962558,-0.5619514869490164,34.52
326,0.117363131703255,1.2849791680444174,-1.1986778735345365,0.0,37.12
121,-1.009322932647993,-0.5124150056618845,0.9725122370185868,-1.1239029738980328,14.11
507,-1.009322932647993,-0.9854134724267,0.9725122370185868,0.0,14.86
228,0.117363131703255,-0.7016143923678111,0.9725122370185868,-0.5619514869490164,15.52
595,1.2440491960545037,0.9065803946325642,-0.6558803458962558,-0.5619514869490164,32.28
445,1.2440491960545037,-0.9854134724267,0.9725122370185868,0.0,17.79
117,-1.009322932647993,0.244382541161822,-0.6558803458962558,0.5619514869490164,43.33
464,-1.7604469755488257,-0.9854134724267,0.9725122370185868,0.0,12.4
25,-1.009322932647993,-1.363812245838553,0.9725122370185868,1.1239029738980328,14.37
110,-1.009322932647993,-0.0394165388970678,-1.1986778735345365,2.2478059477960657,34.17
149,-1.009322932647993,-0.7016143923678111,0.9725122370185868,-0.5619514869490164,14.28
152,0.117363131703255,-1.1746128591326266,0.9725122370185868,0.5619514869490164,21.13
528,1.2440491960545037,-0.9854134724267,0.9725122370185868,0.0,18.15
461,0.117363131703255,-0.5124150056618845,0.9725122370185868,-1.1239029738980328,15.85
598,0.117363131703255,2.041776714868123,-1.4700766373536769,-0.5619514869490164,30.1
139,-1.009322932647993,0.528181621220711,-0.6558803458962558,0.0,28.51
260,1.2440491960545037,-1.363812245838553,0.9725122370185868,1.1239029738980328,17.2
323,-1.009322932647993,0.244382541161822,-0.6558803458962558,0.5619514869490164,43.3
688,0.117363131703255,0.244382541161822,-0.6558803458962558,0.5619514869490164,43.8
248,-1.009322932647993,-0.7016143923678111,0.9725122370185868,-0.5619514869490164,14.28
450,0.117363131703255,0.9065803946325642,-0.6558803458962558,-0.5619514869490164,28.02
410,1.2440491960545037,-0.0394165388970678,-1.1986778735345365,2.2478059477960657,40.63
607,1.2440491960545037,0.528181621220711,-0.6558803458962558,0.0,32.92
19,-1.009322932647993,-0.2286159256029944,0.9725122370185868,-1.6858544608470492,13.39
328,1.2440491960545037,-0.9854134724267,0.9725122370185868,0.0,18.22
296,0.117363131703255,0.528181621220711,-0.6558803458962558,0.0,28.76
269,0.117363131703255,-0.2286159256029944,0.9725122370185868,-1.6858544608470492,13.79
226,-1.009322932647993,-0.2286159256029944,0.9725122370185868,-1.6858544608470492,13.57
94,0.117363131703255,-0.7016143923678111,0.9725122370185868,-0.5619514869490164,16.13
515,0.117363131703255,0.9065803946325642,-0.6558803458962558,-0.5619514869490164,28.38
280,1.2440491960545037,-1.1746128591326266,0.9725122370185868,0.5619514869490164,22.09
286,1.2440491960545037,1.2849791680444174,-1.1986778735345365,0.0,36.38
589,0.117363131703255,-0.7016143923678111,0.9725122370185868,-0.5619514869490164,14.97
726,-1.7604469755488257,-0.7016143923678111,0.9725122370185868,-0.5619514869490164,11.73
444,1.2440491960545037,0.528181621220711,-0.6558803458962558,0.0,32.43
184,-1.009322932647993,0.244382541161822,-0.6558803458962558,0.5619514869490164,43.12
371,0.117363131703255,-0.0394165388970678,-1.1986778735345365,2.2478059477960657,36.76
670,1.2440491960545037,-0.5124150056618845,0.9725122370185868,-1.1239029738980328,17.47
746,-1.009322932647993,-0.5124150056618845,0.9725122370185868,-1.1239029738980328,14.28
275,-1.009322932647993,-1.363812245838553,0.9725122370185868,1.1239029738980328,14.24
717,-1.009322932647993,1.2849791680444174,-1.1986778735345365,0.0,29.34
182,-1.009322932647993,-0.5124150056618845,0.9725122370185868,-1.1239029738980328,13.79
32,0.117363131703255,-1.1746128591326266,0.9725122370185868,0.5619514869490164,21.08
80,1.2440491960545037,-0.0394165388970678,-1.1986778735345365,2.2478059477960657,39.55
307,-1.009322932647993,2.041776714868123,-1.4700766373536769,-0.5619514869490164,25.95
11,-1.009322932647993,1.2849791680444174,-1.1986778735345365,0.0,33.01
43,0.117363131703255,-0.9854134724267,0.9725122370185868,0.0,16.39
86,-1.009322932647993,-1.1746128591326266,0.9725122370185868,0.5619514869490164,19.37
36,1.2440491960545037,-0.0394165388970678,-1.1986778735345365,2.2478059477960657,39.48
58,-1.009322932647993,-0.7016143923678111,0.9725122370185868,-0.5619514869490164,14.46
41,1.2440491960545037,1.2849791680444174,-1.1986778735345365,0.0,35.92
411,-1.009322932647993,-1.363812245838553,0.9725122370185868,1.1239029738980328,14.57
562,0.117363131703255,-0.5124150056618845,0.9725122370185868,-1.1239029738980328,15.32
209,1.2440491960545037,-1.1746128591326266,0.9725122370185868,0.5619514869490164,22.53
148,0.117363131703255,-0.9854134724267,0.9725122370185868,0.0,16.19
594,1.2440491960545037,-1.1746128591326266,0.9725122370185868,0.5619514869490164,21.54
123,1.2440491960545037,2.041776714868123,-1.4700766373536769,-0.5619514869490164,32.88
574,1.2440491960545037,2.041776714868123,-1.4700766373536769,-0.5619514869490164,33.13
98,1.2440491960545037,-0.9854134724267,0.9725122370185868,0.0,17.85
377,1.2440491960545037,-1.1746128591326266,0.9725122370185868,0.5619514869490164,22.07
130,1.2440491960545037,-1.363812245838553,0.9725122370185868,1.1239029738980328,16.56
23,1.2440491960545037,-0.0394165388970678,-1.1986778735345365,2.2478059477960657,40.77
667,-1.7604469755488257,-0.7016143923678111,0.9725122370185868,-0.5619514869490164,11.74
555,1.2440491960545037,-1.1746128591326266,0.9725122370185868,0.5619514869490164,20.21
370,1.2440491960545037,-0.0394165388970678,-1.1986778735345365,2.2478059477960657,38.18
512,0.117363131703255,-0.0394165388970678,-1.1986778735345365,2.2478059477960657,37.29
383,-1.009322932647993,0.9065803946325642,-0.6558803458962558,-0.5619514869490164,27.03
201,1.2440491960545037,-0.7016143923678111,0.9725122370185868,-0.5619514869490164,16.88
368,-1.009322932647993,0.244382541161822,-0.6558803458962558,0.5619514869490164,42.86
554,0.117363131703255,0.244382541161822,-0.6558803458962558,0.5619514869490164,36.77
610,-1.009322932647993,0.9065803946325642,-0.6558803458962558,-0.5619514869490164,32.04
387,1.2440491960545037,-0.2286159256029944,0.9725122370185868,-1.6858544608470492,17.25
292,1.2440491960545037,0.244382541161822,-0.6558803458962558,0.5619514869490164,47.59
256,0.117363131703255,-0.5124150056618845,0.9725122370185868,-1.1239029738980328,14.94
606,-1.009322932647993,-0.9854134724267,0.9725122370185868,0.0,14.54
197,-1.009322932647993,0.528181621220711,-0.6558803458962558,0.0,24.91
95,-1.009322932647993,-0.7016143923678111,0.9725122370185868,-0.5619514869490164,14.49
738,1.2440491960545037,-1.1746128591326266,0.9725122370185868,0.5619514869490164,20.82
759,1.2440491960545037,-1.1746128591326266,0.9725122370185868,0.5619514869490164,21.4
169,-1.009322932647993,0.528181621220711,-0.6558803458962558,0.0,28.79
581,1.2440491960545037,0.528181621220711,-0.6558803458962558,0.0,29.77
305,1.2440491960545037,-0.2286159256029944,0.9725122370185868,-1.6858544608470492,16.9
560,0.117363131703255,-1.363812245838553,0.9725122370185868,1.1239029738980328,15.76
373,1.2440491960545037,-0.0394165388970678,-1.1986778735345365,2.2478059477960657,39.37
227,-1.009322932647993,-0.0394165388970678,-1.1986778735345365,2.2478059477960657,34.11
660,0.117363131703255,1.2849791680444174,-1.1986778735345365,0.0,35.62
143,0.117363131703255,0.9065803946325642,-0.6558803458962558,-0.5619514869490164,34.15
180,0.117363131703255,0.244382541161822,-0.6558803458962558,0.5619514869490164,45.97
131,1.2440491960545037,-1.1746128591326266,0.9725122370185868,0.5619514869490164,22.72
729,-1.009322932647993,0.9065803946325642,-0.6558803458962558,-0.5619514869490164,31.06
47,1.2440491960545037,-1.363812245838553,0.9725122370185868,1.1239029738980328,16.99
324,-1.7604469755488257,-0.0394165388970678,-1.1986778735345365,2.2478059477960657,29.79
203,1.2440491960545037,-0.0394165388970678,-1.1986778735345365,2.2478059477960657,39.7
84,1.2440491960545037,-0.7016143923678111,0.9725122370185868,-0.5619514869490164,16.44
633,0.117363131703255,0.528181621220711,-0.6558803458962558,0.0,31.39
565,1.2440491960545037,0.9065803946325642,-0.6558803458962558,-0.5619514869490164,31.0
611,1.2440491960545037,2.041776714868123,-1.4700766373536769,-0.5619514869490164,33.88
398,-1.009322932647993,-0.9854134724267,0.9725122370185868,0.0,13.88
91,-1.7604469755488257,0.9065803946325642,-0.6558803458962558,-0.5619514869490164,23.49
82,-1.009322932647993,-1.363812245838553,0.9725122370185868,1.1239029738980328,14.27
430,1.2440491960545037,-0.5124150056618845,0.9725122370185868,-1.1239029738980328,15.59
119,0.117363131703255,-0.5124150056618845,0.9725122370185868,-1.1239029738980328,15.57
291,-1.7604469755488257,-1.363812245838553,0.9725122370185868,1.1239029738980328,12.07
57,0.117363131703255,-0.9854134724267,0.9725122370185868,0.0,16.26
321,1.2440491960545037,0.9065803946325642,-0.6558803458962558,-0.5619514869490164,36.73
257,1.2440491960545037,0.244382541161822,-0.6558803458962558,0.5619514869490164,45.29
727,1.2440491960545037,-0.0394165388970678,-1.1986778735345365,2.2478059477960657,39.48
442,-1.7604469755488257,1.2849791680444174,-1.1986778735345365,0.0,29.6
42,0.117363131703255,1.2849791680444174,-1.1986778735345365,0.0,36.16
617,1.2440491960545037,-0.2286159256029944,0.9725122370185868,-1.6858544608470492,16.43
388,0.117363131703255,-0.7016143923678111,0.9725122370185868,-0.5619514869490164,14.6
335,0.117363131703255,-0.2286159256029944,0.9725122370185868,-1.6858544608470492,14.49
273,-1.009322932647993,-0.9854134724267,0.9725122370185868,0.0,13.9
488,0.117363131703255,-0.0394165388970678,-1.1986778735345365,2.2478059477960657,37.05
550,1.2440491960545037,-1.1746128591326266,0.9725122370185868,0.5619514869490164,21.72
53,1.2440491960545037,-1.363812245838553,0.9725122370185868,1.1239029738980328,16.79
718,-1.009322932647993,-1.1746128591326266,0.9725122370185868,0.5619514869490164,19.23
128,-1.009322932647993,-0.9854134724267,0.9725122370185868,0.0,15.0
28,-1.009322932647993,1.2849791680444174,-1.1986778735345365,0.0,34.33
183,1.2440491960545037,-0.7016143923678111,0.9725122370185868,-0.5619514869490164,16.74
459,0.117363131703255,-0.7016143923678111,0.9725122370185868,-0.5619514869490164,15.37
510,-1.009322932647993,0.528181621220711,-0.6558803458962558,0.0,28.68
675,1.2440491960545037,-0.0394165388970678,-1.1986778735345365,2.2478059477960657,39.85
151,-1.009322932647993,-0.0394165388970678,-1.1986778735345365,2.2478059477960657,33.62
244,1.2440491960545037,1.2849791680444174,-1.1986778735345365,0.0,39.22
714,-1.009322932647993,-0.9854134724267,0.9725122370185868,0.0,14.75
543,0.117363131703255,1.2849791680444174,-1.1986778735345365,0.0,36.35
544,1.2440491960545037,0.244382541161822,-0.6558803458962558,0.5619514869490164,48.03
639,-1.009322932647993,-0.0394165388970678,-1.1986778735345365,2.2478059477960657,34.48
697,-1.009322932647993,-0.0394165388970678,-1.1986778735345365,2.2478059477960657,34.11
265,-1.009322932647993,-0.7016143923678111,0.9725122370185868,-0.5619514869490164,14.27
288,0.117363131703255,-0.0394165388970678,-1.1986778735345365,2.2478059477960657,36.81
423,0.117363131703255,2.041776714868123,-1.4700766373536769,-0.5619514869490164,29.79
147,0.117363131703255,-1.1746128591326266,0.9725122370185868,0.5619514869490164,21.09
659,1.2440491960545037,-1.363812245838553,0.9725122370185868,1.1239029738980328,17.21
177,0.117363131703255,-1.1746128591326266,0.9725122370185868,0.5619514869490164,20.13
99,0.117363131703255,-1.363812245838553,0.9725122370185868,1.1239029738980328,15.14
448,1.2440491960545037,0.244382541161822,-0.6558803458962558,0.5619514869490164,46.23
431,1.2440491960545037,-0.5124150056618845,0.9725122370185868,-1.1239029738980328,16.7
709,1.2440491960545037,0.9065803946325642,-0.6558803458962558,-0.5619514869490164,31.53
115,-1.009322932647993,0.528181621220711,-0.6558803458962558,0.0,27.31
72,0.117363131703255,-0.7016143923678111,0.9725122370185868,-0.5619514869490164,15.21
537,0.117363131703255,-1.363812245838553,0.9725122370185868,1.1239029738980328,15.19
677,0.117363131703255,-0.9854134724267,0.9725122370185868,0.0,15.83
753,1.2440491960545037,-0.0394165388970678,-1.1986778735345365,2.2478059477960657,40.36
174,0.117363131703255,-0.0394165388970678,-1.1986778735345365,2.2478059477960657,37.2
87,1.2440491960545037,-0.0394165388970678,-1.1986778735345365,2.2478059477960657,38.48
551,-1.009322932647993,-0.2286159256029944,0.9725122370185868,-1.6858544608470492,13.6
486,1.2440491960545037,-1.363812245838553,0.9725122370185868,1.1239029738980328,16.9
705,-1.009322932647993,-1.363812245838553,0.9725122370185868,1.1239029738980328,13.97
314,-1.009322932647993,-0.0394165388970678,-1.1986778735345365,2.2478059477960657,34.07
396,-1.009322932647993,-0.5124150056618845,0.9725122370185868,-1.1239029738980328,14.2
600,0.117363131703255,0.528181621220711,-0.6558803458962558,0.0,28.27
472,0.117363131703255,1.2849791680444174,-1.1986778735345365,0.0,32.64
70,0.117363131703255,-1.363812245838553,0.9725122370185868,1.1239029738980328,15.56
599,-1.009322932647993,0.528181621220711,-0.6558803458962558,0.0,25.35
754,0.117363131703255,-1.363812245838553,0.9725122370185868,1.1239029738980328,14.61
277,1.2440491960545037,1.2849791680444174,-1.1986778735345365,0.0,40.66
723,-1.009322932647993,-0.9854134724267,0.9725122370185868,0.0,13.7
9,1.2440491960545037,-0.2286159256029944,0.9725122370185868,-1.6858544608470492,16.69
359,-1.009322932647993,1.2849791680444174,-1.1986778735345365,0.0,29.58
707,0.117363131703255,-0.9854134724267,0.9725122370185868,0.0,16.03
763,-1.009322932647993,-0.7016143923678111,0.9725122370185868,-0.5619514869490164,14.39
192,0.117363131703255,-1.363812245838553,0.9725122370185868,1.1239029738980328,15.77
629,1.2440491960545037,0.528181621220711,-0.6558803458962558,0.0,32.54
559,0.117363131703255,0.9065803946325642,-0.6558803458962558,-0.5619514869490164,28.31
684,1.2440491960545037,-0.5124150056618845,0.9725122370185868,-1.1239029738980328,15.47
